THRESHOLD DIAGNOSTIC - PREDICTING SMARTPHONE ADDICTION
Train total: 691,369; filas válidas screen+social+target: 502,260
No se imputaron missing y no se entrenó ningún modelo.

====================================================================================================
1. THRESHOLDS INDIVIDUALES - SCREEN
====================================================================================================
               variable  threshold  valid_rows  gt_count  gt_coverage  gt_positive_purity  le_count  le_coverage  le_negative_purity
daily_screen_time_hours   5.000000      595515    474259     0.796385            0.816533    121256     0.203615            0.710983
daily_screen_time_hours   5.250000      595515    465100     0.781005            0.825711    130415     0.218995            0.706667
daily_screen_time_hours   5.500000      595515    443907     0.745417            0.846776    151608     0.254583            0.693928
daily_screen_time_hours   5.750000      595515    426071     0.715466            0.864748    169444     0.284534            0.682202
daily_screen_time_hours   6.000000      595515    411702     0.691338            0.880222    183813     0.308662            0.674104
daily_screen_time_hours   6.250000      595515    393262     0.660373            0.902073    202253     0.339627            0.666052
daily_screen_time_hours   6.500000      595515    375944     0.631292            0.918094    219571     0.368708            0.648674
daily_screen_time_hours   6.750000      595515    359662     0.603951            0.928600    235853     0.396049            0.625568
daily_screen_time_hours   7.000000      595515    345312     0.579854            0.938453    250203     0.420146            0.607383
daily_screen_time_hours   7.250000      595515    327991     0.550769            0.951294    267524     0.449231            0.587787
daily_screen_time_hours   7.500000      595515    315182     0.529260            0.960759    280333     0.470740            0.573796
daily_screen_time_hours   7.750000      595515    301054     0.505536            0.968707    294461     0.494464            0.556274
daily_screen_time_hours   8.000000      595515    284574     0.477862            0.976266    310941     0.522138            0.535368
daily_screen_time_hours   8.250000      595515    268288     0.450514            0.984871    327227     0.549486            0.516959
daily_screen_time_hours   8.500000      595515    252230     0.423549            0.989315    343285     0.576451            0.496751
daily_screen_time_hours   8.750000      595515    232227     0.389960            0.993102    363288     0.610040            0.472408
daily_screen_time_hours   9.000000      595515    219540     0.368656            0.995204    375975     0.631344            0.457927

====================================================================================================
2. THRESHOLDS INDIVIDUALES - SOCIAL
====================================================================================================
          variable  threshold  valid_rows  gt_count  gt_coverage  gt_positive_purity  le_count  le_coverage  le_negative_purity
social_media_hours   3.000000      557374    182965     0.328263            0.975367    374409     0.671737            0.420532
social_media_hours   3.250000      557374    153474     0.275352            0.984141    403900     0.724648            0.394959
social_media_hours   3.500000      557374    124849     0.223995            0.989387    432525     0.776005            0.371384
social_media_hours   3.750000      557374    100035     0.179476            0.993582    457339     0.820524            0.352727
social_media_hours   4.000000      557374     77654     0.139321            0.995634    479720     0.860679            0.336903
social_media_hours   4.250000      557374     59835     0.107352            0.998011    497539     0.892648            0.325279
social_media_hours   4.500000      557374     46439     0.083317            0.999354    510935     0.916683            0.316925
social_media_hours   4.750000      557374     34307     0.061551            0.999475    523067     0.938449            0.309597
social_media_hours   5.000000      557374     22494     0.040357            0.999644    534880     0.959643            0.302778

====================================================================================================
3. MEJORES REGLAS POSITIVAS POR PRECISIÓN (coverage >= 0.10)
====================================================================================================
 upper_screen  social_threshold  coverage  positive_precision  positive_recall  false_positive_rate  count  target_mean
     9.000000          4.500000  0.381545            0.995147         0.535351             0.006368 191635     0.995147
     9.000000          5.000000  0.373145            0.995139         0.523561             0.006238 187416     0.995139
     9.000000          4.750000  0.376904            0.995135         0.528833             0.006307 189304     0.995135
     9.000000          4.250000  0.388102            0.994824         0.544374             0.006909 194928     0.994824
     9.000000          4.000000  0.397539            0.994050         0.557178             0.008135 199668     0.994050
     8.750000          4.500000  0.400651            0.993068         0.560984             0.009552 201231     0.993068
     8.750000          4.750000  0.396705            0.993039         0.555443             0.009498 199249     0.993039
     8.750000          5.000000  0.393667            0.993036         0.551187             0.009429 197723     0.993036
     9.000000          3.750000  0.411394            0.992983         0.575977             0.009929 206627     0.992983
     8.750000          4.250000  0.406304            0.992797         0.568743             0.010066 204070     0.992797
     8.750000          4.000000  0.414510            0.992108         0.579829             0.011251 208192     0.992108
     8.750000          3.750000  0.426890            0.991152         0.596571             0.012990 214410     0.991152
     9.000000          3.500000  0.430064            0.990533         0.600631             0.014003 216004     0.990533
     8.500000          4.500000  0.431048            0.989279         0.601242             0.015893 216498     0.989279
     8.500000          4.750000  0.428210            0.989246         0.597265             0.015839 215073     0.989246
     8.500000          5.000000  0.426062            0.989233         0.594261             0.015777 213994     0.989233
     8.500000          4.250000  0.435418            0.989053         0.607199             0.016393 218693     0.989053
     8.750000          3.500000  0.443900            0.988881         0.618920             0.016975 222953     0.988881
     8.500000          4.000000  0.441936            0.988476         0.615930             0.017516 221967     0.988476
     8.500000          3.750000  0.451899            0.987668         0.629301             0.019167 226971     0.987668

====================================================================================================
4. MEJORES REGLAS NEGATIVAS POR PRECISIÓN (coverage >= 0.10)
====================================================================================================
 lower_screen  social_threshold  coverage  negative_precision  negative_recall  false_negative_rate  count  target_mean
     5.000000          3.000000  0.201750            0.713780         0.495275             0.081418 101331     0.286220
     5.000000          3.250000  0.202612            0.711863         0.496056             0.082313 101764     0.288137
     5.000000          3.500000  0.202998            0.710969         0.496378             0.082726 101958     0.289031
     5.000000          3.750000  0.203158            0.710598         0.496508             0.082897 102038     0.289402
     5.000000          4.000000  0.203184            0.710507         0.496508             0.082934 102051     0.289493
     5.000000          4.250000  0.203188            0.710494         0.496508             0.082939 102053     0.289506
     5.000000          4.500000  0.203188            0.710494         0.496508             0.082939 102053     0.289506
     5.000000          4.750000  0.203188            0.710494         0.496508             0.082939 102053     0.289506
     5.000000          5.000000  0.203188            0.710494         0.496508             0.082939 102053     0.289506
     5.250000          3.000000  0.216607            0.710174         0.529061             0.088515 108793     0.289826
     5.250000          3.250000  0.217724            0.707866         0.530061             0.089680 109354     0.292134
     5.250000          3.500000  0.218250            0.706700         0.530465             0.090255 109618     0.293300
     5.250000          3.750000  0.218476            0.706166         0.530616             0.090513 109732     0.293834
     5.250000          4.000000  0.218522            0.706054         0.530643             0.090567 109755     0.293946
     5.250000          4.250000  0.218534            0.706025         0.530650             0.090581 109761     0.293975
     5.250000          4.500000  0.218538            0.706021         0.530657             0.090583 109763     0.293979
     5.250000          4.750000  0.218538            0.706021         0.530657             0.090583 109763     0.293979
     5.250000          5.000000  0.218538            0.706021         0.530657             0.090583 109763     0.293979
     5.500000          3.000000  0.250281            0.700722         0.603173             0.105611 125706     0.299278
     5.500000          3.250000  0.252252            0.697220         0.604885             0.107688 126696     0.302780

====================================================================================================
5. TOP 20 - MENOR CONTRADICTION RATE (coverage asignada >= 30%)
====================================================================================================
 lower_screen  upper_screen  social_threshold  assigned_coverage  positive_purity  negative_purity  ambiguous_coverage  contradiction_rate  rule_score
     5.000000      8.500000          3.250000           0.687944         0.982553         0.711863            0.312056            0.097170    0.621097
     5.000000      8.750000          3.250000           0.668994         0.985443         0.711863            0.331006            0.097414    0.603825
     5.000000      8.500000          3.500000           0.668960         0.985656         0.710969            0.331040            0.097699    0.603604
     5.000000      8.750000          3.000000           0.696167         0.979148         0.713780            0.303833            0.097756    0.628113
     5.000000      8.500000          3.000000           0.712083         0.976678         0.713780            0.287917            0.097808    0.642436
     5.000000      9.000000          3.250000           0.657056         0.986883         0.711863            0.342944            0.097923    0.592715
     5.000000      8.250000          3.250000           0.703787         0.978973         0.711863            0.296213            0.097925    0.634868
     5.000000      9.000000          3.000000           0.685989         0.980277         0.713780            0.314011            0.098100    0.618694
     5.000000      8.250000          3.500000           0.687506         0.981759         0.710969            0.312494            0.098197    0.619996
     5.000000      8.500000          3.750000           0.655057         0.987668         0.710598            0.344943            0.098262    0.590690
     5.000000      8.750000          3.500000           0.646898         0.988881         0.710969            0.353102            0.098328    0.583290
     5.000000      8.250000          3.750000           0.675837         0.983547         0.710598            0.324163            0.098502    0.609266
     5.000000      8.250000          3.000000           0.725324         0.973613         0.713780            0.274676            0.098660    0.653763
     5.000000      8.250000          4.000000           0.667764         0.984216         0.710507            0.332236            0.099066    0.601611
     5.000000      8.500000          4.000000           0.645120         0.988476         0.710507            0.354880            0.099072    0.581207
     5.000000      9.000000          3.500000           0.633063         0.990533         0.710969            0.366937            0.099112    0.570318
     5.000000      8.750000          3.750000           0.630048         0.991152         0.710598            0.369952            0.099312    0.567477
     5.000000      8.250000          4.250000           0.662436         0.984701         0.710494            0.337564            0.099406    0.596585
     5.000000      8.500000          4.250000           0.638606         0.989053         0.710494            0.361394            0.099577    0.575015
     5.000000      8.250000          4.500000           0.658997         0.984865         0.710494            0.341003            0.099732    0.593274

====================================================================================================
6. TOP 20 - MAYOR RULE SCORE (coverage asignada >= 30%)
====================================================================================================
 lower_screen  upper_screen  social_threshold  assigned_coverage  positive_purity  negative_purity  ambiguous_coverage  contradiction_rate  rule_score
     6.750000      7.000000          3.000000           0.981866         0.934198         0.652990            0.018134            0.172734    0.812265
     7.000000      7.250000          3.000000           0.978244         0.945853         0.640406            0.021756            0.176388    0.805694
     6.750000      7.000000          3.250000           0.979949         0.936608         0.642573            0.020051            0.178137    0.805384
     6.500000      7.000000          3.000000           0.960369         0.934198         0.669928            0.039631            0.162627    0.804187
     6.750000      7.000000          3.500000           0.978525         0.937569         0.635425            0.021475            0.182264    0.800175
     6.750000      7.250000          3.000000           0.960110         0.945853         0.652990            0.039890            0.168034    0.798780
     7.000000      7.250000          3.250000           0.976128         0.948745         0.628319            0.023872            0.183370    0.797135
     6.500000      7.000000          3.250000           0.956413         0.936608         0.661491            0.043587            0.166626    0.797049
     6.750000      7.000000          3.750000           0.977569         0.938077         0.631007            0.022431            0.184935    0.796783
     7.000000      7.500000          3.000000           0.962830         0.954174         0.640406            0.037170            0.173407    0.795869
     6.750000      7.000000          4.000000           0.976936         0.938232         0.628364            0.023064            0.186612    0.794628
     6.750000      7.000000          4.250000           0.976546         0.938294         0.626703            0.023454            0.187686    0.793262
     6.750000      7.000000          4.500000           0.976293         0.938292         0.625850            0.023707            0.188258    0.792498
     6.750000      7.000000          4.750000           0.976170         0.938253         0.625375            0.023830            0.188588    0.792076
     6.250000      7.000000          3.000000           0.936105         0.934198         0.682183            0.063895            0.153998    0.791946
     6.750000      7.000000          5.000000           0.976074         0.938231         0.625148            0.023926            0.188751    0.791839
     6.500000      7.000000          3.500000           0.953574         0.937569         0.655860            0.046426            0.169712    0.791741
     6.500000      7.250000          3.000000           0.938613         0.945853         0.669928            0.061387            0.157585    0.790702
     7.000000      7.250000          3.500000           0.974380         0.950043         0.619915            0.025620            0.188722    0.790493
     6.750000      7.250000          3.250000           0.956077         0.948745         0.642573            0.043923            0.173720    0.789987

====================================================================================================
7. TOP 20 - MAYOR COBERTURA CON AMBAS PUREZAS >= 0.6747
====================================================================================================
 lower_screen  upper_screen  social_threshold  assigned_coverage  positive_purity  negative_purity  ambiguous_coverage  contradiction_rate  rule_score
     6.250000      7.000000          3.000000           0.936105         0.934198         0.682183            0.063895            0.153998    0.791946
     6.250000      7.000000          3.250000           0.930454         0.936608         0.675410            0.069546            0.156851    0.784512
     6.250000      7.250000          3.000000           0.914349         0.945853         0.682183            0.085651            0.148617    0.778461
     6.000000      7.000000          3.000000           0.908358         0.934198         0.687036            0.091642            0.147392    0.774473
     6.250000      7.250000          3.250000           0.906582         0.948745         0.675410            0.093418            0.151632    0.769116
     6.000000      7.000000          3.250000           0.901388         0.936608         0.681244            0.098612            0.149475    0.766653
     6.250000      7.500000          3.000000           0.898935         0.954174         0.682183            0.101065            0.144948    0.768636
     6.000000      7.000000          3.500000           0.896500         0.937569         0.677769            0.103500            0.151127    0.761014
     6.000000      7.000000          3.750000           0.893294         0.938077         0.675663            0.106706            0.152207    0.757329
     6.000000      7.000000          4.000000           0.891210         0.938232         0.674709            0.108790            0.152804    0.755029
     6.250000      7.500000          3.250000           0.889466         0.957593         0.675410            0.110534            0.148027    0.757801
     6.000000      7.250000          3.000000           0.886603         0.945853         0.687036            0.113397            0.141680    0.760988
     5.750000      7.000000          3.000000           0.886431         0.934198         0.692210            0.113569            0.141674    0.760847
     6.250000      7.750000          3.000000           0.883518         0.960998         0.682183            0.116482            0.142385    0.757719
     5.750000      7.000000          3.250000           0.878449         0.936608         0.687506            0.121551            0.143052    0.752785
     6.000000      7.250000          3.250000           0.877516         0.948745         0.681244            0.122484            0.143883    0.751256
     5.750000      7.000000          3.500000           0.872962         0.937569         0.684707            0.127038            0.144268    0.747021
     6.250000      7.750000          3.250000           0.871803         0.964937         0.675410            0.128197            0.145627    0.744845
     6.000000      7.500000          3.000000           0.871188         0.954174         0.687036            0.128812            0.137772    0.751163
     6.000000      7.250000          3.500000           0.870880         0.950043         0.677769            0.129120            0.145647    0.744039

====================================================================================================
8. REGLA ACTUAL 6 / 8 / 4
====================================================================================================
 lower_screen  upper_screen  social_threshold  assigned_coverage  positive_purity  negative_purity  ambiguous_coverage  contradiction_rate  rule_score
     6.000000      8.000000          4.000000           0.796516         0.975899         0.674709            0.203484            0.140520    0.684590
Métricas por fold:
 fold  assigned_coverage  positive_purity  negative_purity  contradiction_rate  rule_score
    1           0.796659         0.976210         0.677487            0.139242    0.685730
    2           0.795942         0.975898         0.670576            0.142620    0.682425
    3           0.796958         0.975574         0.673196            0.141089    0.684516
    4           0.796500         0.976783         0.673873            0.140720    0.684416
    5           0.796520         0.975034         0.678452            0.138929    0.685860

====================================================================================================
9. TOP 10 ALTERNATIVAS POR RANKING AGREGADO
====================================================================================================
 lower_screen  upper_screen  social_threshold  assigned_coverage  positive_purity  negative_purity  ambiguous_coverage  contradiction_rate  rule_score
     6.250000      7.000000          3.000000           0.936105         0.934198         0.682183            0.063895            0.153998    0.791946
     6.500000      7.000000          3.000000           0.960369         0.934198         0.669928            0.039631            0.162627    0.804187
     6.000000      7.000000          3.000000           0.908358         0.934198         0.687036            0.091642            0.147392    0.774473
     6.250000      7.250000          3.000000           0.914349         0.945853         0.682183            0.085651            0.148617    0.778461
     6.500000      7.250000          3.000000           0.938613         0.945853         0.669928            0.061387            0.157585    0.790702
     6.250000      7.000000          3.250000           0.930454         0.936608         0.675410            0.069546            0.156851    0.784512
     6.250000      7.500000          3.000000           0.898935         0.954174         0.682183            0.101065            0.144948    0.768636
     6.500000      7.000000          3.250000           0.956413         0.936608         0.661491            0.043587            0.166626    0.797049
     6.500000      7.500000          3.000000           0.923199         0.954174         0.669928            0.076801            0.154163    0.780876
     6.750000      7.250000          3.000000           0.960110         0.945853         0.652990            0.039890            0.168034    0.798780

====================================================================================================
10. ESTABILIDAD DE TOP 10 + REGLA ACTUAL
====================================================================================================
 lower_screen  upper_screen  social_threshold  assigned_coverage_mean  assigned_coverage_std  positive_purity_mean  positive_purity_std  negative_purity_mean  negative_purity_std  ambiguous_coverage_mean  ambiguous_coverage_std  contradiction_rate_mean  contradiction_rate_std  rule_score_mean  rule_score_std  folds_better_contradiction_than_current
     6.250000      7.000000          3.000000                0.936105               0.000712              0.934199             0.000613              0.682188             0.002796                 0.063895                0.000712                 0.153999                0.001202         0.791946        0.001470                                 0.000000
     6.500000      7.000000          3.000000                0.960369               0.000531              0.934199             0.000613              0.669936             0.002654                 0.039631                0.000531                 0.162627                0.001251         0.804187        0.001244                                 0.000000
     6.000000      7.000000          3.000000                0.908358               0.000582              0.934199             0.000613              0.687043             0.002983                 0.091642                0.000582                 0.147392                0.001202         0.774473        0.001351                                 0.000000
     6.250000      7.250000          3.000000                0.914349               0.000640              0.945855             0.000813              0.682188             0.002796                 0.085651                0.000640                 0.148617                0.001333         0.778461        0.001336                                 0.000000
     6.500000      7.250000          3.000000                0.938613               0.000651              0.945855             0.000813              0.669936             0.002654                 0.061387                0.000651                 0.157585                0.001385         0.790702        0.001126                                 0.000000
     6.250000      7.000000          3.250000                0.930454               0.000546              0.936609             0.000546              0.675417             0.002627                 0.069546                0.000546                 0.156851                0.001004         0.784512        0.001239                                 0.000000
     6.250000      7.500000          3.000000                0.898935               0.000563              0.954176             0.000799              0.682188             0.002796                 0.101065                0.000563                 0.144948                0.001322         0.768636        0.001313                                 0.000000
     6.500000      7.000000          3.250000                0.956413               0.000395              0.936609             0.000546              0.661499             0.002509                 0.043587                0.000395                 0.166626                0.001072         0.797049        0.001060                                 0.000000
     6.500000      7.500000          3.000000                0.923199               0.000682              0.954176             0.000799              0.669936             0.002654                 0.076801                0.000682                 0.154162                0.001374         0.780876        0.001130                                 0.000000
     6.750000      7.250000          3.000000                0.960110               0.000286              0.945855             0.000813              0.652999             0.002304                 0.039890                0.000286                 0.168033                0.001230         0.798780        0.001020                                 0.000000
     6.000000      8.000000          4.000000                0.796516               0.000330              0.975900             0.000589              0.674717             0.002891                 0.203484                0.000330                 0.140520                0.001337         0.684590        0.001236                                 0.000000

====================================================================================================
11. RECOMENDACIÓN
====================================================================================================
A) Mantener 6 / 8 / 4: ninguna alternativa evaluada reduce contradiction rate de forma consistente en >=4 folds conservando cobertura dentro de 2 pp.

Tiempo total: 9.39 s
